0 FILE 30054 - mm.ldr
0 30054 AT-ST
0 Name: 30054 - mm.ldr
0 Author: Jude Parrill
0 !LDRAW_ORG Model
0 !LICENSE Redistributable under CCAL version 2.0 : see CAreadme.txt
0 !THEME Star Wars
0 !KEYWORDS Star Wars, Space, MINI, Original Trilogy, AT-ST, Walker
0 !HISTORY 2012-01-03 [theJudeAbides] Initial file created.
0 ROTATION CENTER 0 0 0 1 "Custom" 
0 ROTATION CONFIG 0 0
1 0 0 0 0 1 0 0 0 1 0 0 0 1 30054 - m-1.ldr
0
0 FILE 30054 - m-1.ldr
0 30054 AT-ST, AT-ST
0 Name: 30054 - m-1.ldr
0 Author: Jude Parrill
0 ROTATION CENTER 0 0 0 1 "Custom" 
0 ROTATION CONFIG 0 0
0 ROTSTEP 35 55 0 ABS
1 0 0 0 10 1 0 0 0 1 0 0 0 1 3794a.dat
1 0 0 0 -10 1 0 0 0 1 0 0 0 1 3794a.dat
0 STEP
1 71 0 -8 -10 0 0 1 0 1 0 -1 0 0 3623.dat
0 STEP
1 71 0 -16 10 0 0 1 0 1 0 -1 0 0 3623.dat
1 72 0 -12 -30 1 0 0 0 1 0 0 0 1 30162.dat
0 STEP
1 0 0 -40 10 1 0 0 0 1 0 0 0 1 3005.dat
1 71 0 -40 -10 0 0 1 0 1 0 -1 0 0 47905.dat
1 71 0 -40 30 0 0 1 0 1 0 -1 0 0 47905.dat
0 STEP
1 71 0 -64 30 0 0 1 0 1 0 -1 0 0 6541.dat
1 72 0 -48 0 0 0 1 0 1 0 -1 0 0 3023.dat
1 72 0 -56 0 0 0 1 0 1 0 -1 0 0 3023.dat
1 0 0 -64 0 0 0 1 0 1 0 -1 0 0 3794a.dat
0 STEP
1 71 18 -40 20 0 -1 0 0 0 1 -1 0 0 3022.dat
1 71 26 -50 20 0 -1 0 0 0 1 -1 0 0 3069b.dat
1 71 -18 -40 20 0 1 0 0 0 1 1 0 0 3022.dat
1 71 -26 -50 20 0 1 0 0 0 1 1 0 0 3069b.dat
0 STEP
1 71 18 -30 -20 0 -1 0 0 0 1 -1 0 0 43723.dat
1 71 -18 -30 -20 0 1 0 0 0 1 1 0 0 43722.dat
0 STEP
1 0 26 -30 0 0 -1 0 0 0 1 -1 0 0 3794a.dat
1 0 -26 -30 0 0 1 0 0 0 1 1 0 0 3794a.dat
0 STEP
1 71 0 -72 30 1 0 0 0 1 0 0 0 1 32028.dat
1 72 0 -72 0 1 0 0 0 1 0 0 0 1 2540.dat
1 71 20 -70 -20 0 -1 0 -0.309017 0 0.951057 -0.951057 0 -0.309017 2335.dat
0 STEP
1 72 34 -30 0 0 -1 0 0 0 1 -1 0 0 4740.dat
1 71 42 -30 0 0 -1 0 -1 0 0 0 0 -1 4592.dat
1 0 42 -30 0 0 0 -1 -1 0 0 0 1 0 4593.dat
0 STEP
0 ROTSTEP 35 -125 0 ABS
1 72 -34 -30 0 0 1 0 0 0 1 1 0 0 4740.dat
1 71 -46 -30 4 0 0 1 -1 0 0 0 -1 0 4599.dat
0 STEP
1 71 0 8 0 1 0 0 0 1 0 0 0 1 2476a.dat
0 STEP
1 71 0 26 0 1 0 0 0 1 0 0 0 1 30054 - m-1a.ldr
0
0 FILE 30054 - m-1a.ldr
0 30054 AT-ST, Hips
0 Name: 30054 - m-1a.ldr
0 Author: Jude Parrill
0 ROTATION CENTER 0 0 0 1 "Custom" 
0 ROTATION CONFIG 0 0
0 ROTSTEP 35 -125 0 ABS
1 71 0 0 20 1 0 0 0 1 0 0 0 1 4519.dat
1 71 20 0 20 0 0 -1 0 1 0 1 0 0 32039.dat
0 STEP
1 72 0 0 20 -1 0 0 0 0 -1 0 -1 0 6536.dat
1 71 -20 0 20 0 0 1 0 1 0 -1 0 0 32039.dat
0 STEP
1 0 -40 0 30 0 0 1 0 1 0 -1 0 0 32062.dat
1 0 40 0 30 0 0 1 0 1 0 -1 0 0 32062.dat
0 STEP
1 72 -40 0 50 -1 0 0 0 1 0 0 0 -1 482.dat
1 72 40 0 50 -1 0 0 0 1 0 0 0 -1 482.dat
0 STEP
1 72 40 0 60 1 0 0 0 0 -1 0 1 0 30054 - m-1aa.ldr
0 STEP
1 72 -40 0 60 1 0 0 0 0 -1 0 1 0 30054 - m-1ab.ldr
0
0 FILE 30054 - m-1aa.ldr
0 30054 AT-ST, Left Leg
0 Name: 30054 - m-1aa.ldr
0 Author: Jude Parrill
0 ROTATION CENTER 0 0 0 1 "Custom" 
0 ROTATION CONFIG 0 0
0 ROTSTEP 35 -125 0 ABS
1 71 0 0 -20 -1 0 0 0 1 0 0 0 -1 30554.dat
0 STEP
1 71 0 0 -40 1 0 0 0 0.707107 0.707107 0 -0.707107 0.707107 30054 - m-1aaa.ldr
0
0 FILE 30054 - m-1aaa.ldr
0 30054 AT-ST, Left Ankle
0 Name: 30054 - m-1aaa.ldr
0 Author: Jude Parrill
0 ROTATION CENTER 0 0 0 1 "Custom" 
0 ROTATION CONFIG 0 0
0 ROTSTEP 35 -125 0 ABS
1 71 0 0 -20 -1 0 0 0 1 0 0 0 -1 30554.dat
0 STEP
1 71 0 0 -40 1 0 0 0 0.707107 0.707107 0 -0.707107 0.707107 30054 - m-1aaaa.ldr
0
0 FILE 30054 - m-1aaaa.ldr
0 30054 AT-ST, Foot
0 Name: 30054 - m-1aaaa.ldr
0 Author: Jude Parrill
0 ROTATION CENTER 0 0 0 1 "Custom" 
0 ROTATION CONFIG 0 0
0 ROTSTEP 35 -125 0 ABS
1 71 0 14 0 0 0 -1 0 1 0 1 0 0 4073.dat
1 71 0 14 -40 0 0 -1 0 1 0 1 0 0 4740.dat
0 STEP
1 72 0 6 -20 0 0 -1 0 1 0 1 0 0 44300.dat
0
0 FILE 30054 - m-1ab.ldr
0 30054 AT-ST, Right Leg
0 Name: 30054 - m-1ab.ldr
0 Author: Jude Parrill
0 ROTATION CENTER 0 0 0 1 "Custom" 
0 ROTATION CONFIG 0 0
0 ROTSTEP 35 -125 0 ABS
1 71 0 0 -20 -1 0 0 0 1 0 0 0 -1 30554.dat
0 STEP
1 0 0 0 -40 1 0 0 0 0.707107 0.707107 0 -0.707107 0.707107 30054 - m-1aba.ldr
0
0 FILE 30054 - m-1aba.ldr
0 30054 AT-ST, Right Ankle
0 Name: 30054 - m-1aba.ldr
0 Author: Jude Parrill
0 ROTATION CENTER 0 0 0 1 "Custom" 
0 ROTATION CONFIG 0 0
0 ROTSTEP 35 -125 0 ABS
1 71 0 0 -20 -1 0 0 0 1 0 0 0 -1 30554.dat
0 STEP
1 71 0 0 -40 1 0 0 0 0.707107 0.707107 0 -0.707107 0.707107 30054 - m-1aaaa.ldr
0 
0
0
