0 Lego Headphone Stand v2.5
0 Name: Lego Headphone Stand v2.5
0 Author: James Budworth
0 Unofficial Model
1   0   -30.000000     0.000000     0.000000    -1.000000    -0.000000    -0.000000    -0.000000     0.000000     1.000000    -0.000000     0.999999    -0.000000 3706.dat
0 STEP
1   7   -60.000000     0.000000     0.000000    -0.000000     0.000000     1.000000     1.000000     0.000000    -0.000000    -0.000000     0.999999    -0.000000 3736.dat
0 STEP
1   7     0.000000     0.000000     0.000000     1.000000     0.000000     0.000000     0.000000    -0.000000     1.000000     0.000000    -1.000000    -0.000000 3739.dat
1   0     0.000000   -35.000000    20.000000     1.000000     0.000000     0.000000    -0.000000    -0.000000    -1.000000     0.000000     0.999999    -0.000000 2780.dat
1   0     1.000000    35.000000    20.000000     1.000000     0.000000     0.000000    -0.000000    -0.000000    -1.000000     0.000000     0.999999    -0.000000 2780.dat
1   0     0.000000   -35.000000   -20.000000     1.000000     0.000000     0.000000    -0.000000    -0.000000    -1.000000     0.000000     0.999999    -0.000000 2780.dat
1   0     0.000000    35.000000   -21.000000     1.000000     0.000000     0.000000    -0.000000    -0.000000    -1.000000     0.000000     0.999999    -0.000000 2780.dat
0 STEP
1   7     0.000000     0.000000     0.000000    -1.000000     0.000000     0.000000     0.000000    -0.000000    -1.000000     0.000000    -0.999999     0.000000 3739.dat
0 STEP
1   0    60.000000     0.000000     0.000000    -1.000000    -0.000000     0.000000     0.000000     0.000000     1.000000    -0.000000     0.999999     0.000000 4519.dat
1   7    60.000000     0.000000     0.000000     0.000000     0.000000     1.000000     0.000000    -0.999999    -0.000000     1.000000     0.000000    -0.000000 3736.dat
0 STEP
1   0    80.000000     0.000000     0.000000     1.000000     0.000000     0.000000     0.000000     0.999999     0.000000     0.000000     0.000000     1.000000 6536.dat
1   0   -80.000000     0.000000     0.000000    -1.000000     0.000000     0.000000     0.000000     0.999999     0.000000     0.000000     0.000000    -1.000000 6536.dat
1   0    80.000000    20.000000     0.000000     0.000000     0.999999     0.000000     0.000000     0.000000     1.000000     1.000000     0.000000     0.000000 6558.dat
1   0   -80.000000    20.000000     1.000000     0.000000     0.999999     0.000000     0.000000     0.000000     1.000000     1.000000     0.000000     0.000000 6558.dat
0 STEP
1   0    85.554985    79.943802    20.000000    -0.087156    -0.000000     0.996194    -0.996194     0.000000    -0.087156     0.000000    -1.000000    -0.000000 32009.dat
1   0    51.554985    75.943802     0.000000    -0.000468     0.650307     0.759671     0.000034    -0.759671     0.650307     0.999999     0.000330     0.000333 32136.dat
1   0   -82.000000    30.000000    25.000000     0.965926     0.000000    -0.258819     0.258819    -0.000000     0.965926     0.000000    -1.000000    -0.000000 32449.dat
1   0   -82.000000    30.000000    15.000000     0.965926     0.000000    -0.258819     0.258819    -0.000000     0.965926     0.000000    -1.000000    -0.000000 32449.dat
0 STEP
1   0   -90.000000    59.000000     0.000000    -0.000000    -0.965925     0.258819     0.000000    -0.258819    -0.965926     1.000000    -0.000000     0.000000 4519.dat
1   7   -90.000000    59.000000     0.000000     0.704061    -0.710127     0.004049     0.710140     0.704052    -0.003571    -0.000315     0.005390     0.999986 3713.dat
1   0   -73.445015    93.943802     0.000000    -0.017073    -0.104148     0.994415     0.012758    -0.994502    -0.103938     0.999772     0.010912     0.018308 4519.dat
1   0   -14.000000    89.000000     0.999999     0.000000     0.999999     0.000000     0.000000     0.000000    -1.000000    -1.000000     0.000000     0.000000 6558.dat
1   0   -54.000000    92.000000     1.000000     0.000000     0.999999     0.000000     0.000000     0.000000    -1.000000    -1.000000     0.000000     0.000000 6558.dat
0 STEP
1   0   -84.000000    40.000000     0.000000     0.000000    -0.707106    -0.707106     0.000000     0.707106    -0.707107     1.000000    -0.000000     0.000000 4519.dat
1   0   -84.306625    39.460083     5.000000    -0.747989     0.017590     0.663479     0.663580    -0.000170     0.748106     0.013272     0.999844    -0.011545 41677.dat
1   0   -84.306625    39.460083    -5.000000    -0.747989     0.017590     0.663479     0.663580    -0.000170     0.748106     0.013272     0.999844    -0.011545 41677.dat
1   0   -71.000000    55.000000     0.000000     0.000000    -0.707106    -0.707106     0.000000     0.707106    -0.707107     1.000000    -0.000000     0.000000 4519.dat
0 STEP
1   0    -8.306625    62.460083    21.000000    -0.200683    -0.008648    -0.979618    -0.979567     0.015318     0.200537     0.013272     0.999844    -0.011545 32140.dat
1   0    -9.000000    63.000000     1.000000     0.000000     0.258819    -0.965925    -0.000000     0.965925     0.258819     1.000000    -0.000000     0.000000 4519.dat
1   0   -67.000000    74.000000     1.000000     0.000000     0.999999     0.000000     0.000000     0.000000     1.000000     1.000000     0.000000     0.000000 6558.dat
1   0    -7.306625    62.460083     0.000000     0.146452    -0.013365    -0.989128     0.989130    -0.011437     0.146606    -0.013272    -0.999844     0.011545 6629.dat
0 STEP
1   0   -82.000000    30.000000   -15.000000     0.965926     0.000000    -0.258819     0.258819    -0.000000     0.965926     0.000000    -1.000000    -0.000000 32449.dat
1   0   -82.000000    30.000000   -25.000000     0.965926     0.000000    -0.258819     0.258819    -0.000000     0.965926     0.000000    -1.000000    -0.000000 32449.dat
1   0    -8.306625    62.460083   -19.000000    -0.200683    -0.008648    -0.979618    -0.979567     0.015318     0.200537     0.013272     0.999844    -0.011545 32140.dat
1   0     5.554985    86.943802     1.000000     0.087156     0.000000    -0.996194     0.996194    -0.000000     0.087156     0.000000    -1.000000    -0.000000 6629.dat
0 STEP
1   0    85.554985    79.943802   -20.000000    -0.087156    -0.000000     0.996194    -0.996194     0.000000    -0.087156     0.000000    -1.000000    -0.000000 32009.dat
1   0     5.554985    86.943802     0.000000    -0.017073    -0.104148     0.994415     0.012758    -0.994502    -0.103938     0.999772     0.010912     0.018308 4519.dat
0 STEP
1   0  -180.445007   197.943802    21.000000     0.848048     0.000000    -0.529919     0.529919    -0.000000     0.848048     0.000000    -1.000000    -0.000000 32278.dat
1   0  -157.445007   197.943802    21.000000     0.848048     0.000000    -0.529919     0.529919    -0.000000     0.848048     0.000000    -1.000000    -0.000000 32278.dat
1   0   -94.000000    96.000000     1.000000     0.000000     0.999999     0.000000     0.000000     0.000000     1.000000     1.000000     0.000000     0.000000 6558.dat
1   0  -106.000000    79.000000     1.000000     0.000000     0.999999     0.000000     0.000000     0.000000     1.000000     1.000000     0.000000     0.000000 6558.dat
1   0  -125.445015   146.943802     1.000000    -0.003051    -0.776863     0.629662     0.021094    -0.629575    -0.776653     0.999772     0.010912     0.018308 4519.dat
1   0  -137.445007   129.943802     1.000000     0.019793    -0.156797    -0.987432    -0.007904     0.987570    -0.156977     0.999772     0.010912     0.018308 4519.dat
0 STEP
1   0  -211.445007   265.943787     1.000000     0.000339    -0.999686    -0.025047     0.000325     0.025047    -0.999686     0.999999     0.000330     0.000333 32136.dat
1   0  -232.000000   317.000000     1.000000     0.000000     0.999999     0.000000     0.000000     0.000000    -1.000000    -1.000000     0.000000     0.000000 6558.dat
1   0  -255.000000   317.000000     1.000000     0.000000     0.999999     0.000000     0.000000     0.000000    -1.000000    -1.000000     0.000000     0.000000 6558.dat
0 STEP
1   0  -210.445007   281.943787     2.000000     0.848048     0.000000    -0.529919     0.529919    -0.000000     0.848048     0.000000    -1.000000    -0.000000 32348.dat
1   0  -233.445007   282.943787     1.000000     0.848048     0.000000    -0.529919     0.529919    -0.000000     0.848048     0.000000    -1.000000    -0.000000 32348.dat
1   0  -210.445007   281.943787     1.000000     0.002512    -0.913338     0.407194     0.021165    -0.407056    -0.913157     0.999772     0.010912     0.018308 4519.dat
1   0  -233.445007   281.943787     1.000000     0.002512    -0.913338     0.407194     0.021165    -0.407056    -0.913157     0.999772     0.010912     0.018308 4519.dat
0 STEP
1   0  -180.445007   197.943802   -19.000000     0.848048     0.000000    -0.529919     0.529919    -0.000000     0.848048     0.000000    -1.000000    -0.000000 32278.dat
1   0  -157.445007   197.943802   -19.000000     0.848048     0.000000    -0.529919     0.529919    -0.000000     0.848048     0.000000    -1.000000    -0.000000 32278.dat
0 STEP
1   0  -220.445007   388.943787     1.000000     0.016742    -0.933659    -0.357770     0.013189     0.357995    -0.933630     0.999772     0.010912     0.018308 4519.dat
1   0  -242.445007   389.943787     1.000000     0.016742    -0.933659    -0.357770     0.013189     0.357995    -0.933630     0.999772     0.010912     0.018308 4519.dat
1   0  -243.000000   334.000000     1.000000     0.000000     0.999999     0.000000     0.000000     0.000000     1.000000     1.000000     0.000000     0.000000 6558.dat
1   0  -265.000000   335.000000     1.000000     0.000000     0.999999     0.000000     0.000000     0.000000     1.000000     1.000000     0.000000     0.000000 6558.dat
0 STEP
1   0  -212.445007   464.943787    21.000000     0.927183    -0.000000     0.374606    -0.374606    -0.000000     0.927183     0.000000    -1.000000    -0.000000 32278.dat
1   0  -190.445007   463.943787    21.000000     0.927183    -0.000000     0.374606    -0.374606    -0.000000     0.927183     0.000000    -1.000000    -0.000000 32278.dat
1   0  -224.445007   408.943787     1.000000     0.000339    -0.999686    -0.025047     0.000325     0.025047    -0.999686     0.999999     0.000330     0.000333 32136.dat
0 STEP
1   0  -157.445007   594.943787    -4.000000    -0.999847     0.000000    -0.017452     0.017452     0.000000    -0.999847     0.000000    -1.000000    -0.000000 2905.dat
1   0  -157.445007   594.943787     6.000000    -0.999847     0.000000    -0.017452     0.017452     0.000000    -0.999847     0.000000    -1.000000    -0.000000 2905.dat
1   0  -138.000000   594.000000     1.000000     0.000000     0.999999     0.000000     0.000000     0.000000     1.000000     1.000000     0.000000     0.000000 6558.dat
1   0  -160.000000   595.000000     1.000000     0.000000     0.999999     0.000000     0.000000     0.000000     1.000000     1.000000     0.000000     0.000000 6558.dat
0 STEP
1   0  -190.445007   463.943787   -19.000000     0.927183    -0.000000     0.374606    -0.374606    -0.000000     0.927183     0.000000    -1.000000    -0.000000 32278.dat
1   0  -212.445007   464.943787   -19.000000     0.927183    -0.000000     0.374606    -0.374606    -0.000000     0.927183     0.000000    -1.000000    -0.000000 32278.dat
0 STEP
1   0  -197.445007   594.943787     1.000000    -0.010903     0.999940    -0.000576    -0.018313     0.000376     0.999832     0.999772     0.010912     0.018308 4519.dat
1   0  -117.445007   592.943787     1.000000    -0.010903     0.999940    -0.000576    -0.018313     0.000376     0.999832     0.999772     0.010912     0.018308 4519.dat
0 STEP
1   0  -197.306625   594.460083    16.000000    -0.999534     0.013584     0.027381     0.027534     0.011176     0.999559     0.013272     0.999844    -0.011545 41677.dat
1   0  -197.306625   594.460083    26.000000    -0.999534     0.013584     0.027381     0.027534     0.011176     0.999559     0.013272     0.999844    -0.011545 41677.dat
1   0  -117.306625   593.460083    16.000000    -0.999534     0.013584     0.027381     0.027534     0.011176     0.999559     0.013272     0.999844    -0.011545 41677.dat
1   0  -117.306625   593.460083    26.000000    -0.999534     0.013584     0.027381     0.027534     0.011176     0.999559     0.013272     0.999844    -0.011545 41677.dat
0 STEP
1   0  -117.445007   612.943787     1.000000    -0.010903     0.999940    -0.000576    -0.018313     0.000376     0.999832     0.999772     0.010912     0.018308 4519.dat
1   0  -197.445007   614.943787     1.000000    -0.010903     0.999940    -0.000576    -0.018313     0.000376     0.999832     0.999772     0.010912     0.018308 4519.dat
1   0   -56.445007   612.943787     1.000000     0.000000     0.000000     0.999999    -0.999999     0.000000     0.000000     0.000000    -1.000000     0.000000 32278.dat
0 STEP
1   0  -117.306625   593.460083   -14.000000    -0.999534     0.013584     0.027381     0.027534     0.011176     0.999559     0.013272     0.999844    -0.011545 41677.dat
1   0  -117.306625   593.460083   -24.000000    -0.999534     0.013584     0.027381     0.027534     0.011176     0.999559     0.013272     0.999844    -0.011545 41677.dat
1   0  -197.306625   594.460083   -24.000000    -0.999534     0.013584     0.027381     0.027534     0.011176     0.999559     0.013272     0.999844    -0.011545 41677.dat
1   0  -197.306625   594.460083   -14.000000    -0.999534     0.013584     0.027381     0.027534     0.011176     0.999559     0.013272     0.999844    -0.011545 41677.dat
0 STEP
1   0   -96.000000   613.000000     1.000000     0.000000     0.999999     0.000000     0.000000     0.000000     1.000000     1.000000     0.000000     0.000000 6558.dat
1   0   -77.000000   613.000000     1.000000     0.000000     0.999999     0.000000     0.000000     0.000000     1.000000     1.000000     0.000000     0.000000 6558.dat
1   0    65.000000   613.000000     1.000000     0.000000     0.999999     0.000000     0.000000     0.000000     1.000000     1.000000     0.000000     0.000000 6558.dat
1   0    84.000000   613.000000     1.000000     0.000000     0.999999     0.000000     0.000000     0.000000     1.000000     1.000000     0.000000     0.000000 6558.dat
0 STEP
1   0   -86.445007   592.943787   -19.000000    -0.999810     0.006541    -0.018315     0.006547     0.999978    -0.000257     0.018313    -0.000377    -0.999832 32291.dat
1   0   -86.445007   592.943787    21.000000    -0.999810     0.006541    -0.018315     0.006547     0.999978    -0.000257     0.018313    -0.000377    -0.999832 32291.dat
0 STEP
1   0   -64.000000   593.000000     1.000000     0.000000    -0.999999    -0.000000    -1.000000    -0.000000    -0.000000     0.000000     0.000000    -1.000000 120.dat
1   0   -54.000000   593.000000     1.000000     1.000000     0.000000     0.000000     0.000000    -0.999999     0.000000     0.000000     0.000000    -1.000000 2780.dat
0 STEP
1   0   -44.000000   593.000000     1.000000     0.000000    -0.999999    -0.000000    -1.000000    -0.000000    -0.000000     0.000000     0.000000    -1.000000 120.dat
1   0   -34.000000   593.000000   -39.000000     1.000000     0.000000     0.000000     0.000000    -0.999999     0.000000     0.000000     0.000000    -1.000000 2780.dat
1   0   -34.000000   593.000000    41.000000     1.000000     0.000000     0.000000     0.000000    -0.999999     0.000000     0.000000     0.000000    -1.000000 2780.dat
0 STEP
1   0   -24.000000   593.000000     1.000000     0.000000    -0.999999    -0.000000    -1.000000    -0.000000    -0.000000     0.000000     0.000000    -1.000000 120.dat
1   0   -14.000000   593.000000     1.000000     1.000000     0.000000     0.000000     0.000000    -0.999999     0.000000     0.000000     0.000000    -1.000000 2780.dat
0 STEP
1   0    -4.000000   593.000000     1.000000     0.000000    -0.999999    -0.000000    -1.000000    -0.000000    -0.000000     0.000000     0.000000    -1.000000 120.dat
1   0     6.000000   593.000000   -39.000000     1.000000     0.000000     0.000000     0.000000    -0.999999     0.000000     0.000000     0.000000    -1.000000 2780.dat
1   0     6.000000   593.000000    41.000000     1.000000     0.000000     0.000000     0.000000    -0.999999     0.000000     0.000000     0.000000    -1.000000 2780.dat
0 STEP
1   0    16.000000   593.000000     1.000000     0.000000    -0.999999    -0.000000    -1.000000    -0.000000    -0.000000     0.000000     0.000000    -1.000000 120.dat
1   0    26.000000   593.000000     1.000000     1.000000     0.000000     0.000000     0.000000    -0.999999     0.000000     0.000000     0.000000    -1.000000 2780.dat
0 STEP
1   0    36.000000   593.000000     1.000000     0.000000    -0.999999    -0.000000    -1.000000    -0.000000    -0.000000     0.000000     0.000000    -1.000000 120.dat
1   0    46.000000   593.000000   -39.000000     1.000000     0.000000     0.000000     0.000000    -0.999999     0.000000     0.000000     0.000000    -1.000000 2780.dat
1   0    46.000000   593.000000    41.000000     1.000000     0.000000     0.000000     0.000000    -0.999999     0.000000     0.000000     0.000000    -1.000000 2780.dat
0 STEP
1   0    56.000000   593.000000     1.000000     0.000000    -0.999999    -0.000000    -1.000000    -0.000000    -0.000000     0.000000     0.000000    -1.000000 120.dat
1   0    66.000000   593.000000     1.000000     1.000000     0.000000     0.000000     0.000000    -0.999999     0.000000     0.000000     0.000000    -1.000000 2780.dat
0 STEP
1   0    74.554993   592.943787   -19.000000    -0.999810     0.006541    -0.018315     0.006547     0.999978    -0.000257     0.018313    -0.000377    -0.999832 32291.dat
1   0    74.554993   592.943787    21.000000    -0.999810     0.006541    -0.018315     0.006547     0.999978    -0.000257     0.018313    -0.000377    -0.999832 32291.dat
0 STEP
1   0    86.000000   593.000000   -39.000000     1.000000     0.000000     0.000000     0.000000    -0.999999     0.000000     0.000000     0.000000    -1.000000 2780.dat
1   0    86.000000   593.000000    41.000000     1.000000     0.000000     0.000000     0.000000    -0.999999     0.000000     0.000000     0.000000    -1.000000 2780.dat
1   0    45.000000   593.000000   -79.000000     1.000000     0.000000     0.000000     0.000000    -0.999999     0.000000     0.000000    -0.000000    -1.000000 3737.dat
1   0    45.000000   593.000000    80.000000     1.000000     0.000000     0.000000     0.000000    -0.999999     0.000000     0.000000    -0.000000    -1.000000 3737.dat
1   0    76.000000   593.000000   -59.000000     0.000000     0.999999     0.000000     1.000000     0.000000     0.000000     0.000000     0.000000    -1.000000 32523.dat
1   0    76.000000   593.000000    61.000000    -0.000000     0.999999     0.000000     1.000000     0.000000     0.000000     0.000000     0.000000    -1.000000 32523.dat
1   0    86.000000   593.000000     1.000000    -1.000000     0.000000    -0.000000     0.000000     0.000000    -1.000000    -0.000000    -0.999999    -0.000000 75535.dat
1   0   116.554993   592.943787     1.000000     0.999999     0.000000     0.000000    -0.000000     0.000000     0.999999     0.000000    -1.000000     0.000000 6558.dat
0 STEP
1   0    26.554993   592.943787   -19.000000    -0.999999    -0.000000     0.000000    -0.000000     0.000000    -0.999999     0.000000    -1.000000    -0.000000 3708.dat
1   0    26.554993   592.943787    21.000000    -0.999999    -0.000000     0.000000    -0.000000     0.000000    -0.999999     0.000000    -1.000000    -0.000000 3708.dat
1   0   -44.445007   572.943787   -39.000000     0.000000     0.000000     0.999999    -0.999999     0.000000     0.000000     0.000000    -1.000000     0.000000 32278.dat
1   0   -45.000000   573.000000    41.000000    -0.000000    -0.000000     0.999999    -0.999999     0.000000    -0.000000     0.000000    -1.000000    -0.000000 32278.dat
1   0    95.000000   573.000000   -39.000000     0.000000     0.999999     0.000000     0.000000     0.000000     1.000000     1.000000     0.000000     0.000000 6558.dat
1   0    95.000000   573.000000    41.000000     0.000000     0.999999     0.000000     0.000000     0.000000     1.000000     1.000000     0.000000     0.000000 6558.dat
1   0    95.000000   593.000000   -20.000000    -1.000000    -0.000000     0.000000     0.000000    -0.999999     0.000000     0.000000     0.000000     1.000000 6536.dat
1   0    95.000000   593.000000    21.000000    -1.000000    -0.000000     0.000000     0.000000    -0.999999     0.000000     0.000000     0.000000     1.000000 6536.dat
1   0    95.000000   593.000000   -59.000000    -1.000000    -0.000000     0.000000     0.000000    -0.999999     0.000000     0.000000     0.000000     1.000000 6536.dat
1   0    95.000000   593.000000    61.000000    -1.000000    -0.000000     0.000000     0.000000    -0.999999     0.000000     0.000000     0.000000     1.000000 6536.dat
0 STEP
1   0    95.000000   613.000000   -38.999992    -0.000000    -0.000000    -1.000000     0.000000    -0.999999     0.000000    -1.000000     0.000000     0.000000 6536.dat
1   0    95.000000   613.000000    41.000008     0.000000     0.000000     1.000000     0.000000    -0.999999     0.000000     1.000000     0.000000    -0.000000 6536.dat
1   0   115.000000   613.000000     1.000009    -0.000000     0.000000     1.000000     0.000000    -0.999999    -0.000000     1.000000     0.000000     0.000000 6536.dat
0 STEP
1   0  -145.000000   573.000000   -39.000000    -0.000000    -0.000000    -1.000000     0.000000     0.999999    -0.000000     1.000000    -0.000000    -0.000000 6558.dat
1   0  -145.000000   573.000000    41.000000    -0.000000    -0.000000    -1.000000    -0.000000    -0.999999     0.000000    -1.000000     0.000000     0.000000 6558.dat
1   0  -105.000000   573.000000   -49.000000     0.000000     0.000000    -1.000000     0.000000    -0.999999     0.000000    -1.000000    -0.000000    -0.000000 2780.dat
1   0  -125.000000   573.000000   -49.000000     0.000000     0.000000    -1.000000     0.000000    -0.999999     0.000000    -1.000000    -0.000000    -0.000000 2780.dat
1   0  -125.000000   573.000000    50.000000     0.000000     0.000000    -1.000000     0.000000    -0.999999     0.000000    -1.000000    -0.000000    -0.000000 2780.dat
1   0  -105.000000   573.000000    50.000000     0.000000     0.000000    -1.000000     0.000000    -0.999999     0.000000    -1.000000    -0.000000    -0.000000 2780.dat
0 STEP
1   0   -85.000000   593.000000   -59.000000    -1.000000    -0.000000     0.000000     0.000000    -0.999999     0.000000     0.000000     0.000000     1.000000 6536.dat
1   0   -85.000000   593.000000    61.000000    -1.000000    -0.000000     0.000000     0.000000    -0.999999     0.000000     0.000000     0.000000     1.000000 6536.dat
1   0   -85.000000   573.000000   -49.000000     0.000000     0.000000    -1.000000     0.000000    -0.999999     0.000000    -1.000000    -0.000000    -0.000000 2780.dat
1   0   -85.000000   573.000000    50.000000     0.000000     0.000000    -1.000000     0.000000    -0.999999     0.000000    -1.000000    -0.000000    -0.000000 2780.dat
0 STEP
1   0   116.000000   613.000000     1.000000    -0.000000    -0.000000    -1.000000    -0.000000    -0.999999     0.000000    -1.000000     0.000000     0.000000 4519.dat
1   1  -185.000000   573.000000    51.000000    -0.000000     0.999999    -0.000000    -0.000000     0.000000     1.000000     1.000000     0.000000     0.000000 43093.dat
1   1  -185.000000   573.000000   -49.000000    -0.000000     0.999999    -0.000000     0.000000    -0.000000    -1.000000    -1.000000    -0.000000     0.000000 43093.dat
0 STEP
1   0    96.000015   593.000000    80.100037    -0.000000    -0.999999    -0.000000     1.000000    -0.000000     0.000000    -0.000000    -0.000000     1.000000 152.dat
1   0    96.000000   593.000000   -79.000000     0.000000     0.999999     0.000000     1.000000    -0.000000     0.000000     0.000000     0.000000    -1.000000 152.dat
0 STEP
1   0   116.000000   593.000000  -199.000000     1.000000     0.000000     0.000000    -0.000000     0.000000     1.000000     0.000000    -0.999999     0.000000 6558.dat
1   0   116.000000   593.000000  -139.000000     1.000000     0.000000     0.000000    -0.000000     0.000000     1.000000     0.000000    -0.999999     0.000000 6558.dat
1   0   116.000000   625.000000  -223.000000    -1.000000    -0.000000     0.000000    -0.000000     0.819151    -0.573576    -0.000000    -0.573576    -0.819152 4519.dat
1   0   116.000000   593.000000   100.000000     1.000000     0.000000     0.000000    -0.000000     0.000000     1.000000     0.000000    -0.999999     0.000000 6558.dat
1   0   116.000000   593.000000   140.000000     1.000000     0.000000     0.000000    -0.000000     0.000000     1.000000     0.000000    -0.999999     0.000000 6558.dat
1   0   116.000000   593.000000   -99.000000     1.000000     0.000000     0.000000    -0.000000     0.000000     1.000000     0.000000    -0.999999     0.000000 6558.dat
1   0   116.000000   593.000000   200.000000     1.000000     0.000000     0.000000    -0.000000     0.000000     1.000000     0.000000    -0.999999     0.000000 6558.dat
1   0   116.000000   625.000000   224.000000    -1.000000     0.000000     0.000000    -0.000000    -0.819151    -0.573576     0.000000    -0.573576     0.819152 4519.dat
0 STEP
1   0   116.000000   609.000000  -210.000000    -0.000000     0.999999     0.000000     0.601815    -0.000000     0.798635     0.798635     0.000000    -0.601815 32523.dat
1   0   116.000008   609.000000   211.100037     0.000000    -0.999999    -0.000000     0.601815    -0.000000     0.798635    -0.798635    -0.000000     0.601815 32523.dat
1   0   117.000008   593.000000   171.100037     0.999999    -0.000000     0.000000     0.000000     0.000000    -0.999999     0.000000     0.999999     0.000000 32136.dat
1   0   116.000000   593.000000  -170.000000    -0.999999     0.000000     0.000000    -0.000000     0.000000    -0.999999    -0.000000    -0.999999    -0.000000 32136.dat
0 STEP
1   0   116.000000   593.000000   -78.899963     0.000000     0.999999    -0.000000    -0.999999     0.000000    -0.000000    -0.000000     0.000000     0.999999 32524.dat
1   0   116.000000   593.000000    80.100037     0.000000     0.999999    -0.000000    -0.999999     0.000000    -0.000000    -0.000000     0.000000     0.999999 32524.dat
1   0   126.554993   592.943787    41.000000    -0.999999    -0.000000     0.000000    -0.000000     0.000000    -0.999999     0.000000    -1.000000    -0.000000 2780.dat
1   0   126.554993   592.943787   -39.000000    -0.999999    -0.000000     0.000000    -0.000000     0.000000    -0.999999     0.000000    -1.000000    -0.000000 2780.dat
0 STEP
1   0   136.000015   593.000000    80.100037    -0.000000    -0.999999    -0.000000     1.000000    -0.000000     0.000000    -0.000000    -0.000000     1.000000 152.dat
1   0   136.000000   593.000000   -79.000000     0.000000     0.999999     0.000000     1.000000    -0.000000     0.000000     0.000000     0.000000    -1.000000 152.dat
1   0   136.000000   593.000000     1.100037     0.000000     0.999999    -0.000000    -0.999999     0.000000    -0.000000    -0.000000     0.000000     0.999999 32524.dat
1   0    26.554993   592.943787   -59.000000    -0.999999    -0.000000     0.000000    -0.000000     0.000000    -0.999999     0.000000    -1.000000    -0.000000 3708.dat
1   0    26.554993   592.943787    61.000000    -0.999999    -0.000000     0.000000    -0.000000     0.000000    -0.999999     0.000000    -1.000000    -0.000000 3708.dat
0 STEP
1   0  -165.000000   573.000000    61.000000     0.000000     0.000000     1.000000     1.000001     0.000000    -0.000000     0.000000     0.999999     0.000000 32140.dat
1   0  -165.000000   573.000000   -59.000000     0.000000     0.000000     1.000000     1.000001     0.000000    -0.000000     0.000000     0.999999     0.000000 32140.dat
1   0   -44.000000   614.000000    41.000000    -0.000000    -0.000000    -1.000000    -1.000001    -0.000000     0.000000     0.000000     0.999999     0.000000 32140.dat
1   0   -45.000000   614.000000   -39.000000    -0.000000    -0.000000    -1.000000    -1.000001    -0.000000    -0.000000     0.000000     0.999999     0.000000 32140.dat
1   0  -105.000000   593.000000    50.000000     0.000000     0.000000    -1.000000     0.000000    -0.999999     0.000000    -1.000000    -0.000000    -0.000000 2780.dat
1   0  -105.000000   593.000000   -49.000000     0.000000     0.000000    -1.000000     0.000000    -0.999999     0.000000    -1.000000    -0.000000    -0.000000 2780.dat
0 STEP
1   0   -75.000000   593.000000    80.000000     1.000000     0.000000     0.000000     0.000000    -0.999999     0.000000     0.000000     0.000000    -1.000000 2780.dat
1   0   -75.000000   593.000000   -80.000000     1.000000     0.000000     0.000000     0.000000    -0.999999     0.000000     0.000000     0.000000    -1.000000 2780.dat
1   0   -94.000000   593.000000   -78.000000    -1.000000     0.000000    -0.000000     0.000000     0.000000    -1.000000    -0.000000    -0.999999    -0.000000 75535.dat
1   0   -94.000000   593.000000    80.145897    -1.000000     0.000000    -0.000000    -0.000000    -0.000000     1.000000     0.000000     0.999999     0.000000 75535.dat
1   0  -115.000000   593.000000    80.000000     1.000000     0.000000     0.000000     0.000000    -0.999999     0.000000     0.000000     0.000000    -1.000000 2780.dat
1   0  -115.000000   593.000000   -78.000000     1.000000     0.000000     0.000000     0.000000    -0.999999     0.000000     0.000000     0.000000    -1.000000 2780.dat
0 STEP
1   0  -124.000000   593.000000   -59.000000    -0.000000    -0.000000     1.000000    -1.000000     0.000000    -0.000000    -0.000000    -0.999999    -0.000000 42003.dat
1   0  -124.000000   593.000000    61.145897    -0.000000    -0.000000     1.000000     1.000000    -0.000000     0.000000     0.000000     0.999999     0.000000 42003.dat
1   1  -124.000000   603.000000   -39.000000    -0.000000    -0.000000     1.000000    -1.000000     0.000000    -0.000000    -0.000000    -0.999999    -0.000000 43093.dat
1   1  -124.000000   603.000000    41.000000    -0.000000    -0.000000     1.000000    -1.000000     0.000000    -0.000000    -0.000000    -0.999999    -0.000000 43093.dat
0 STEP
1   0  -144.000000   593.000000    61.145897    -0.000000    -0.000000     1.000000     1.000000    -0.000000     0.000000     0.000000     0.999999     0.000000 42003.dat
1   0  -144.000000   593.000000   -59.000000    -0.000000    -0.000000     1.000000    -1.000000     0.000000    -0.000000    -0.000000    -0.999999    -0.000000 42003.dat
1   1  -144.000000   603.000000   -39.000000    -0.000000    -0.000000     1.000000    -1.000000     0.000000    -0.000000    -0.000000    -0.999999    -0.000000 43093.dat
1   1  -144.000000   603.000000    41.000000    -0.000000    -0.000000     1.000000    -1.000000     0.000000    -0.000000    -0.000000    -0.999999    -0.000000 43093.dat
1   0  -144.000000   613.000000   -38.854103     0.000000     0.999999     0.000000     0.000000     0.000000    -1.000000    -1.000000     0.000000     0.000000 42003.dat
1   0  -144.000000   613.000000    41.145897     0.000000     0.999999     0.000000     0.000000     0.000000    -1.000000    -1.000000     0.000000     0.000000 42003.dat
0 STEP
1   1  -164.000000   613.000000    51.000000    -0.000000    -0.000000     1.000000     0.000000     0.999999     0.000000    -1.000000     0.000000    -0.000000 43093.dat
1   1  -164.000000   613.000000   -49.000000    -0.000000    -0.000000     1.000000     0.000000    -0.999999    -0.000000     1.000000     0.000000     0.000000 43093.dat
1   1   -44.000000   613.000000   -49.000000    -0.000000    -0.000000     1.000000     0.000000    -0.999999    -0.000000     1.000000     0.000000     0.000000 43093.dat
1   1   -44.000000   613.000000    51.000000    -0.000000    -0.000000     1.000000     0.000000     0.999999     0.000000    -1.000000     0.000000    -0.000000 43093.dat
1   1    95.000000   613.000000   -49.000000    -0.000000    -0.000000     1.000000     0.000000    -0.999999    -0.000000     1.000000     0.000000     0.000000 43093.dat
1   1    95.000000   613.000000    51.000000    -0.000000    -0.000000     1.000000     0.000000     0.999999     0.000000    -1.000000     0.000000    -0.000000 43093.dat
0 STEP
1   0  -104.000000   613.000000   -49.000000     0.000000     0.000000    -1.000000     0.000000    -0.999999     0.000000    -1.000000    -0.000000    -0.000000 2780.dat
1   0  -104.000000   613.000000    50.000000     0.000000     0.000000    -1.000000     0.000000    -0.999999     0.000000    -1.000000    -0.000000    -0.000000 2780.dat
1   0   -64.000000   613.000000   -50.000000     0.000000     0.000000    -1.000000     0.000000    -0.999999     0.000000    -1.000000    -0.000000    -0.000000 2780.dat
1   0   -64.000000   613.000000    50.000000     0.000000     0.000000    -1.000000     0.000000    -0.999999     0.000000    -1.000000    -0.000000    -0.000000 2780.dat
0 STEP
1   0  -144.000000   613.000000   -58.854103    -0.000000     0.000000     1.000000    -1.000000     0.000000    -0.000000    -0.000000    -0.999999     0.000000 120.dat
1   0  -144.000000   613.000000    61.145897    -0.000000     0.000000     1.000000    -1.000000     0.000000    -0.000000    -0.000000    -0.999999     0.000000 120.dat
1   0    36.000000   613.000000   -58.854103    -0.000000     0.000000     1.000000    -1.000000     0.000000    -0.000000    -0.000000    -0.999999     0.000000 120.dat
1   0    36.000000   613.000000    61.145897    -0.000000     0.000000     1.000000    -1.000000     0.000000    -0.000000    -0.000000    -0.999999     0.000000 120.dat
1   0   116.000000   613.000000   -49.000000    -0.000000     0.000000    -1.000000    -0.000000    -0.999999    -0.000000    -1.000000    -0.000000     0.000000 2780.dat
1   0   116.000000   613.000000    51.000000    -0.000000     0.000000    -1.000000    -0.000000    -0.999999    -0.000000    -1.000000    -0.000000     0.000000 2780.dat
1   0   116.000000   613.000000   -29.000000     0.000000    -0.000000    -1.000000     0.000000    -0.999999     0.000000    -1.000000    -0.000000    -0.000000 75535.dat
1   0   116.000000   613.000000    31.000000     0.000000    -0.000000    -1.000000     0.000000     0.999999    -0.000000     1.000000     0.000000     0.000000 75535.dat
0 STEP
1   0  -204.000000   613.000000   -49.000000     0.000000     0.000000    -1.000000     0.000000    -0.999999     0.000000    -1.000000    -0.000000    -0.000000 2780.dat
1   0  -204.000000   613.000000    50.000000     0.000000     0.000000    -1.000000     0.000000    -0.999999     0.000000    -1.000000    -0.000000    -0.000000 2780.dat
1   0  -224.000000   613.000000    41.145897     0.000000     0.999999     0.000000    -1.000000     0.000000     0.000000     0.000000     0.000000     1.000000 42003.dat
1   0  -224.000000   613.000000   -38.854103     0.000000     0.999999     0.000000    -1.000000     0.000000     0.000000     0.000000     0.000000     1.000000 42003.dat
0 STEP
1   0  -164.000000   593.000000   101.145897    -0.000000    -0.999999    -0.000000     1.000000    -0.000000     0.000000    -0.000000    -0.000000     1.000000 32524.dat
1   0  -164.000000   593.000000   -98.854103     0.000000     0.999999     0.000000     1.000000    -0.000000    -0.000000    -0.000000     0.000000    -1.000000 32524.dat
1   0  -154.000000   593.000000   -80.000000     1.000000     0.000000     0.000000     0.000000    -0.999999     0.000000     0.000000     0.000000    -1.000000 2780.dat
1   0  -154.000000   593.000000    80.000000     1.000000     0.000000     0.000000     0.000000    -0.999999     0.000000     0.000000     0.000000    -1.000000 2780.dat
0 STEP
1   0  -184.000000   615.000000   -38.999992    -0.000000     0.000000     1.000000     0.000000    -0.999999    -0.000000     1.000000     0.000000     0.000000 6536.dat
1   0  -184.000000   615.000000    41.000008    -0.000000     0.000000     1.000000     0.000000    -0.999999    -0.000000     1.000000     0.000000     0.000000 6536.dat
1   0  -184.000000   614.000000   -78.999992    -0.000000     0.000000     1.000000     0.000000    -0.999999    -0.000000     1.000000     0.000000     0.000000 6536.dat
1   0  -184.000000   613.000000    81.000008     0.000000    -0.000000    -1.000000    -0.000000    -0.999999     0.000000    -1.000000     0.000000    -0.000000 6536.dat
1   0  -184.000000   613.000000   -68.999992    -0.000000    -0.999999    -0.000000    -0.000000    -0.000000     1.000000    -1.000000     0.000000     0.000000 3705.dat
1   0  -184.000000   613.000000    71.000008    -0.000000    -0.999999    -0.000000    -0.000000    -0.000000     1.000000    -1.000000     0.000000     0.000000 3705.dat
0 STEP
1   0  -204.000000   594.000000   -39.000000    -1.000000    -0.000000     0.000000    -0.000000     0.000000    -1.000000     0.000000    -0.999999    -0.000000 6558.dat
1   0  -204.000000   594.000000    41.000000    -1.000000    -0.000000     0.000000    -0.000000     0.000000    -1.000000     0.000000    -0.999999    -0.000000 6558.dat
1   0  -185.000000   573.000000   -58.999992    -0.000000     0.000000     1.000000     0.000000     0.999999    -0.000000    -1.000000     0.000000    -0.000000 6536.dat
1   0  -184.000000   573.000000    61.000008    -0.000000     0.000000     1.000000     0.000000     0.999999    -0.000000    -1.000000     0.000000    -0.000000 6536.dat
1   0  -204.000000   593.000000   -59.000000    -1.000000    -0.000000     0.000000    -0.000000     0.000000    -1.000000     0.000000    -0.999999    -0.000000 6558.dat
1   0  -204.000000   593.000000   -79.000000    -1.000000    -0.000000     0.000000    -0.000000     0.000000    -1.000000     0.000000    -0.999999    -0.000000 6558.dat
1   0  -204.000000   593.000000    61.000000    -1.000000    -0.000000     0.000000    -0.000000     0.000000    -1.000000     0.000000    -0.999999    -0.000000 6558.dat
1   0  -204.000000   593.000000    81.000000    -1.000000    -0.000000     0.000000    -0.000000     0.000000    -1.000000     0.000000    -0.999999    -0.000000 6558.dat
0 STEP
1   0  -224.000000   613.000000    61.000008    -0.000000     0.999999    -0.000000    -0.000000    -0.000000    -1.000000    -1.000000    -0.000000     0.000000 32073.dat
1   0  -224.000000   613.000000   -58.999992    -0.000000     0.999999    -0.000000    -0.000000    -0.000000    -1.000000    -1.000000    -0.000000     0.000000 32073.dat
1   0  -224.000000   612.000000     1.000000    -1.000000    -0.000000    -0.000000    -0.000000     0.999999     0.000000     0.000000     0.000000    -1.000000 32034.dat
0 STEP
1   0  -224.000000   613.000000    81.000008     0.000000     0.999999    -0.000000     0.000000    -0.000000    -1.000000    -1.000000     0.000000    -0.000000 6536.dat
1   0  -224.000000   613.000000   -78.999992     0.000000     0.999999    -0.000000     0.000000    -0.000000    -1.000000    -1.000000     0.000000    -0.000000 6536.dat
1   0  -204.000000   613.000000   -98.999992    -0.000000    -0.999999    -0.000000    -0.000000    -0.000000     1.000000    -1.000000     0.000000    -0.000000 32184.dat
1   0  -204.000000   613.000000   101.000008    -0.000000    -0.999999    -0.000000    -0.000000    -0.000000     1.000000    -1.000000     0.000000    -0.000000 32184.dat
0 STEP
1   0  -183.999985   593.000000   101.100037    -0.000000    -0.999999    -0.000000     1.000000    -0.000000     0.000000    -0.000000    -0.000000     1.000000 152.dat
